0;50,9466437177281
1000;32,8743545611015
2000;50,9466437177281
3000;50,9466437177281
4000;50,9466437177281
5000;32,8743545611015
6000;16,1790017211704
7000;32,8743545611015
8000;32,8743545611015
9000;32,8743545611015
10000;32,8743545611015
11000;32,8743545611015
12000;32,8743545611015
13000;32,8743545611015
14000;32,8743545611015
15000;32,8743545611015
16000;32,8743545611015
17000;32,8743545611015
18000;32,8743545611015
19000;32,8743545611015
20000;32,8743545611015
21000;32,8743545611015
22000;32,8743545611015
23000;32,8743545611015
24000;32,8743545611015
25000;50,9466437177281
26000;32,8743545611015
27000;32,8743545611015
28000;32,8743545611015
29000;32,8743545611015
30000;32,8743545611015
31000;32,8743545611015
32000;32,8743545611015
33000;32,8743545611015
34000;32,8743545611015
35000;32,8743545611015
36000;32,8743545611015
37000;32,8743545611015
38000;32,8743545611015
39000;32,8743545611015
40000;32,8743545611015
41000;32,8743545611015
42000;32,8743545611015
43000;32,8743545611015
44000;32,8743545611015
45000;32,8743545611015
46000;32,8743545611015
47000;32,8743545611015
48000;32,8743545611015
49000;32,8743545611015
50000;32,8743545611015
51000;32,8743545611015
52000;32,8743545611015
53000;32,8743545611015
54000;32,8743545611015
55000;32,8743545611015
56000;32,8743545611015
57000;32,8743545611015
58000;32,8743545611015
59000;32,8743545611015
60000;32,8743545611015
61000;32,8743545611015
62000;32,8743545611015
63000;32,8743545611015
64000;32,8743545611015
65000;32,8743545611015
66000;32,8743545611015
67000;32,8743545611015
68000;32,8743545611015
69000;32,8743545611015
70000;32,8743545611015
71000;32,8743545611015
72000;32,8743545611015
73000;32,8743545611015
74000;32,8743545611015
75000;32,8743545611015
76000;32,8743545611015
77000;32,8743545611015
78000;32,8743545611015
79000;32,8743545611015
80000;32,8743545611015
81000;32,8743545611015
82000;32,8743545611015
83000;32,8743545611015
84000;32,8743545611015
85000;32,8743545611015
86000;32,8743545611015
87000;32,8743545611015
88000;32,8743545611015
89000;32,8743545611015
90000;32,8743545611015
91000;32,8743545611015
92000;32,8743545611015
93000;32,8743545611015
94000;32,8743545611015
95000;32,8743545611015
96000;32,8743545611015
97000;32,8743545611015
98000;32,8743545611015
99000;32,8743545611015
100000;32,8743545611015
101000;32,8743545611015
102000;32,8743545611015
103000;32,8743545611015
104000;32,8743545611015
105000;32,8743545611015
106000;32,8743545611015
107000;32,8743545611015
108000;32,8743545611015
109000;32,8743545611015
110000;32,8743545611015
111000;32,8743545611015
112000;32,8743545611015
113000;32,8743545611015
114000;32,8743545611015
115000;32,8743545611015
116000;32,8743545611015
117000;32,8743545611015
118000;32,8743545611015
119000;32,8743545611015
120000;32,8743545611015
121000;32,8743545611015
122000;32,8743545611015
123000;32,8743545611015
124000;32,8743545611015
125000;32,8743545611015
126000;32,8743545611015
127000;32,8743545611015
128000;32,8743545611015
129000;32,8743545611015
130000;32,8743545611015
131000;32,8743545611015
132000;32,8743545611015
133000;32,8743545611015
134000;32,8743545611015
135000;32,8743545611015
136000;32,8743545611015
137000;32,8743545611015
138000;32,8743545611015
139000;32,8743545611015
140000;32,8743545611015
141000;32,8743545611015
142000;32,8743545611015
143000;32,8743545611015
144000;32,8743545611015
145000;32,8743545611015
146000;32,8743545611015
147000;32,8743545611015
148000;32,8743545611015
149000;32,8743545611015
150000;32,8743545611015
151000;32,8743545611015
152000;32,8743545611015
153000;32,8743545611015
154000;32,8743545611015
155000;32,8743545611015
156000;32,8743545611015
157000;32,8743545611015
158000;32,8743545611015
159000;32,8743545611015
160000;32,8743545611015
161000;32,8743545611015
162000;32,8743545611015
163000;32,8743545611015
164000;32,8743545611015
165000;32,8743545611015
166000;32,8743545611015
167000;32,8743545611015
168000;32,8743545611015
169000;32,8743545611015
170000;32,8743545611015
171000;32,8743545611015
172000;32,8743545611015
173000;32,8743545611015
174000;32,8743545611015
175000;32,8743545611015
176000;32,8743545611015
177000;32,8743545611015
178000;32,8743545611015
179000;32,8743545611015
180000;32,8743545611015
181000;32,8743545611015
182000;32,8743545611015
183000;32,8743545611015
184000;32,8743545611015
185000;32,8743545611015
186000;32,8743545611015
187000;32,8743545611015
188000;32,8743545611015
189000;32,8743545611015
190000;32,8743545611015
191000;32,8743545611015
192000;32,8743545611015
193000;32,8743545611015
194000;32,8743545611015
195000;32,8743545611015
196000;32,8743545611015
197000;32,8743545611015
198000;32,8743545611015
199000;32,8743545611015
200000;32,8743545611015
201000;32,8743545611015
202000;32,8743545611015
203000;32,8743545611015
204000;32,8743545611015
205000;32,8743545611015
206000;32,8743545611015
207000;32,8743545611015
208000;32,8743545611015
209000;32,8743545611015
210000;32,8743545611015
211000;32,8743545611015
212000;32,8743545611015
213000;32,8743545611015
214000;32,8743545611015
215000;32,8743545611015
216000;32,8743545611015
217000;32,8743545611015
218000;32,8743545611015
219000;32,8743545611015
220000;32,8743545611015
221000;32,8743545611015
222000;32,8743545611015
223000;32,8743545611015
224000;32,8743545611015
225000;32,8743545611015
226000;32,8743545611015
227000;32,8743545611015
228000;32,8743545611015
229000;32,8743545611015
230000;32,8743545611015
231000;32,8743545611015
232000;32,8743545611015
233000;32,8743545611015
234000;32,8743545611015
235000;32,8743545611015
236000;32,8743545611015
237000;32,8743545611015
238000;32,8743545611015
239000;32,8743545611015
240000;32,8743545611015
241000;32,8743545611015
242000;32,8743545611015
243000;32,8743545611015
244000;32,8743545611015
245000;32,8743545611015
246000;32,8743545611015
247000;32,8743545611015
248000;32,8743545611015
249000;32,8743545611015
250000;32,8743545611015
251000;32,8743545611015
252000;32,8743545611015
253000;32,8743545611015
